0.704356 0.150371
179.831 537.981
4.15564 1.76483
1.63818 1.19511
0.290746 0.435382
0.512671 0.170295
0.159377 0.144057
0.428577 0.12264
0.00287088 0.138523
0.135701 0.0502491
0.161087 0.0548039
-0.126017 0.0639385
0.199572 0.028635
-0.0995187 0.0456535
0.00119251 0.0363608
-0.0775915 0.0309191
0.0368433 0.0305042
-0.0719373 0.0286654
0.0609437 0.0239026
0.0644427 0.0231766
-0.142791 0.0298158
0.0441401 0.0181039
-0.0991079 0.0200027
0.0698704 0.0170138
-0.101891 0.0171094
0.0196819 0.0147086
-0.0543725 0.0129488
0.0161856 0.0122723
0.00144343 0.0119944
-0.0727713 0.0156961
0.0153998 0.00941607
-0.0752285 0.0123968
-0.00821732 0.0103068
-0.0775706 0.00975584
-0.0316961 0.0106468
-0.0668139 0.0087686
-0.0359727 0.00874872
-0.0277171 0.0080461
-0.0464019 0.00834843
-0.00225097 0.00686038
-0.0379068 0.00748027
-0.0239394 0.00740101
-0.0398629 0.00646112
-0.0171571 0.00691159
-0.0618838 0.00646556
-0.016598 0.00621857
-0.0261115 0.00622582
-0.0127675 0.00576842
-0.0134685 0.00549821
-0.043129 0.00539181
-0.00896345 0.00484527
-0.0465985 0.00525429
-0.0100365 0.00485007
-0.0336625 0.00472744
-0.0231315 0.00491841
-0.0183889 0.00434452
-0.0173416 0.00450366
-0.0191482 0.00408484
-0.0272299 0.00410601
-0.00881468 0.00386006
-0.0252775 0.00369781
-0.0228372 0.00382221
-0.0257654 0.0044502
-3.41072 6.44241
-4.42332 11.0582
-3.36186 7.59967
-3.49629 8.66848
-3.09209 7.33245
-3.15805 7.6072
-2.93741 7.19998
-2.69229 6.34184
-2.51749 5.56044
-2.43047 5.24969
-2.09806 4.29527
-1.81689 3.30462
-1.63386 2.71155
-1.44232 2.13293
-1.20685 1.57019
-1.02734 1.135
-0.932515 0.916464
-0.790839 0.665461
-0.777798 0.644567
-0.639781 0.414032
-0.520495 0.264331
-0.416502 0.14197
-0.406877 0.109775
-0.394859 0.0835406
-0.375935 0.0791853
-6.64412e-05 0.00375977
-0.0912821 2.62427
0.000510606 0.0384234
-0.000415858 0.0190637
-0.000307656 0.0124696
0.000104396 0.00480193
-6.03933e-05 0.00462809
-2.52501e-05 0.00302085
-8.73521e-06 0.00437887
3.65108e-05 0.0018508
7.63131e-05 0.00197125
9.14111e-05 0.00219104
0.000124348 0.00133065
4.16152e-05 0.0018478
5.88034e-05 0.00155814
4.03434e-05 0.00134481
5.16946e-05 0.00141259
4.30282e-05 0.00119607
9.21983e-05 0.00108399
0.000106767 0.00108216
4.82326e-05 0.00116883
4.74216e-05 0.000998538
1.51961e-05 0.000959669
1.34712e-05 0.000925428
-3.88218e-05 0.000861846
3.52914e-06 0.000836017
2.74834e-05 0.000788116
1.89389e-05 0.000788398
1.90418e-05 0.000739099
1.25349e-06 0.000781341
1.47788e-05 0.000670788
1.00709e-05 0.000674747
1.89227e-05 0.00064875
-5.51859e-06 0.000626
1.34604e-05 0.000639915
3.16731e-06 0.000594708
7.8845e-06 0.000596713
7.68409e-06 0.000574044
-2.02643e-06 0.000572673
2.29027e-05 0.000539086
9.61361e-06 0.000534301
1.9134e-05 0.000534191
1.29331e-05 0.000510191
2.32728e-05 0.000510675
5.60508e-06 0.000493625
1.73522e-05 0.00048551
3.1556e-05 0.000473556
1.19488e-05 0.000466628
2.34514e-05 0.000451822
7.82644e-06 0.000444508
2.29105e-05 0.00042773
7.86255e-06 0.000425854
4.91464e-06 0.000415416
-2.09852e-06 0.000410625
4.85143e-06 0.000403682
1.22148e-05 0.000396346
6.03347e-06 0.000390116
7.85722e-06 0.000378689
-2.27842e-06 0.000369865
6.99418e-06 0.000361659
-5.69593e-06 0.000351854
-3.10153e-06 0.000347595
-6.94578e-06 0.000409193
0.000449474 0.254322
7.72548e-05 0.28775
-7.99936e-05 0.236729
6.819e-06 0.25105
0.000138977 0.221287
0.000111786 0.23939
7.07052e-05 0.232776
5.29346e-05 0.202387
1.07328e-05 0.176625
4.47537e-05 0.170944
0.000108385 0.149854
7.7355e-05 0.128807
3.60974e-05 0.10912
9.56181e-05 0.0949494
0.000119092 0.0727096
8.07574e-05 0.0590676
4.64559e-05 0.0557989
4.28484e-05 0.0402998
4.15799e-05 0.0422694
3.73695e-05 0.0286251
2.72627e-05 0.0210541
3.45346e-05 0.0126898
4.0301e-05 0.00965223
3.23574e-05 0.00703936
4.15174e-05 0.00708096
-4.92242e-05 0.000519352
2.01481e-06 0.2402
2.60862e-05 0.00531548
0.000199848 0.00201139
6.00642e-05 0.00168766
1.4743e-05 0.000716415
-6.27297e-06 0.000680781
-2.14801e-05 0.000443778
-2.9852e-05 0.000634551
-2.47133e-05 0.000308963
-3.58422e-05 0.000316925
-2.90335e-05 0.000335195
-3.08278e-05 0.000235846
-2.39005e-05 0.000288316
-2.87744e-05 0.000250206
-3.13733e-05 0.000236977
-2.95056e-05 0.000235908
-2.86422e-05 0.000211082
-2.61038e-05 0.000194578
-2.93543e-05 0.000193053
-2.14228e-05 0.000197736
-2.71567e-05 0.000181634
-2.01913e-05 0.000172332
-1.79174e-05 0.000166759
-1.23994e-05 0.00015795
-1.48157e-05 0.000153573
-1.52853e-05 0.000148108
-1.15962e-05 0.00014704
-1.37827e-05 0.000139848
-7.04331e-06 0.000140275
-8.26978e-06 0.000129823
-6.99573e-06 0.000126125
-7.39057e-06 0.000123149
-2.57479e-06 0.000120464
-4.29796e-06 0.000119475
-2.84803e-06 0.000115372
-2.46932e-06 0.000114529
-2.72001e-06 0.00011154
-1.30236e-06 0.000109899
-6.36198e-06 0.000105888
-4.17411e-06 0.000103482
-3.89028e-06 0.000103321
-3.99194e-07 0.000100248
-3.69421e-06 9.87992e-05
-2.64842e-06 9.66879e-05
1.77981e-07 9.51362e-05
-2.58675e-06 9.34172e-05
-2.56404e-06 9.2142e-05
-5.03751e-06 8.98428e-05
2.35611e-06 8.80898e-05
-2.24986e-08 8.56778e-05
-6.77968e-07 8.46249e-05
-1.49432e-06 8.26453e-05
1.65242e-06 8.22538e-05
1.85225e-06 8.00259e-05
4.86517e-07 7.95267e-05
2.75756e-06 7.75664e-05
1.27797e-06 7.64217e-05
2.75834e-06 7.40758e-05
6.58132e-07 7.31041e-05
2.94657e-06 7.12461e-05
3.1854e-06 6.98113e-05
2.24752e-06 8.22507e-05
6.06181e-05 0.0424693
1.06003e-05 0.0418661
3.27311e-06 0.0374293
-1.15169e-05 0.0376244
-3.51762e-05 0.0334385
-4.76114e-05 0.0369871
-4.9858e-05 0.0362158
-5.93991e-05 0.0312544
-5.50049e-05 0.0275386
-4.2512e-05 0.0270779
-4.16757e-05 0.0242528
-5.44305e-05 0.0217274
-5.43663e-05 0.0186629
-4.0857e-05 0.0167828
-5.30546e-05 0.0130484
-4.01613e-05 0.0109703
-4.59679e-05 0.010642
-3.82992e-05 0.00766301
-3.61242e-05 0.00823048
-3.18763e-05 0.00563317
-3.80614e-05 0.00422446
-3.25902e-05 0.0025815
-2.60593e-05 0.00196365
-2.55811e-05 0.00142309
-3.15922e-05 0.00143871
