0.53259 0.214324
120.717 920.759
4.2141 2.34795
1.6868 1.17858
0.00402612 0.56477
0.376689 0.200814
0.237617 0.145095
0.472556 0.153363
0.191362 0.1012
-0.102155 0.0702377
0.0780854 0.0799004
0.0582115 0.0380974
0.146315 0.0340653
-0.104412 0.0364849
-0.0177164 0.0385394
-0.0281323 0.0314011
-0.000999293 0.0255104
-0.159896 0.0436224
-0.0110026 0.0216293
-0.0141473 0.022694
-0.0829249 0.0248733
0.0334327 0.0174554
-0.154571 0.0206187
0.0112788 0.0182506
-0.0894435 0.0181929
0.0452835 0.0145209
-0.0527025 0.0158044
-0.0136639 0.0122999
-0.0469373 0.014685
-0.0127727 0.0117974
-0.00223241 0.0101385
-0.0577275 0.0102786
0.0275386 0.00849447
-0.0931946 0.0112226
-0.000241982 0.00890391
-0.0535669 0.0085078
-0.025223 0.0086126
-0.0387329 0.00745788
-0.054268 0.00808692
-0.0314171 0.00721384
-0.0356834 0.00627427
-0.00567061 0.00616557
-0.0569939 0.00611431
-0.0174103 0.00562536
-0.0638396 0.00593507
-0.0163206 0.00543269
-0.0339277 0.00515775
-0.0185137 0.0047956
-0.0173509 0.00477186
-0.0442737 0.00446852
-0.00962073 0.00409572
-0.0416733 0.00428544
-0.00902407 0.00388025
-0.0289236 0.00378769
-0.022308 0.00378663
-0.0328697 0.00383047
-0.00856708 0.00337888
-0.0202573 0.00354347
-0.0234943 0.00310453
-0.0217403 0.00307879
-0.0317042 0.00306903
-0.0139359 0.00278416
-0.0332876 0.00362643
-3.69484 10.067
-3.22959 8.56038
-2.94792 8.35562
-2.45005 6.31181
-2.16734 5.13388
-2.07732 4.72732
-1.84003 4.06049
-1.57718 3.10562
-1.39584 2.5353
-1.23967 2.10511
-1.06576 1.63967
-0.962239 1.31412
-0.875937 1.07926
-0.831038 0.931948
-0.792615 0.802269
-0.801164 0.772146
-0.765563 0.659559
-0.739238 0.592007
-0.619463 0.408624
-0.449244 0.204508
-0.446923 0.174715
-0.416884 0.136972
-0.432366 0.147789
-0.402293 0.100701
-0.364724 0.0741424
-0.000345115 0.00577909
-0.0715569 3.60558
0.000506738 0.0437853
0.000121839 0.0183262
2.48376e-05 0.013848
1.42134e-05 0.00564403
9.89782e-06 0.00508958
-1.28832e-06 0.00342867
-5.74256e-06 0.00315373
-1.49521e-05 0.00220751
2.09161e-05 0.00187637
1.03833e-05 0.00139495
-1.91096e-05 0.00129477
1.42982e-05 0.00134449
1.99413e-05 0.0012779
2.95422e-05 0.00131561
2.38934e-05 0.00111889
2.02956e-05 0.00127469
1.88321e-05 0.000974006
-7.22598e-06 0.00086329
-5.80676e-06 0.000933665
-6.52723e-06 0.00080076
-2.24619e-05 0.000815667
-1.09618e-05 0.000783289
-2.44119e-05 0.000744174
-1.64182e-05 0.000735773
3.8221e-06 0.000711697
-1.23582e-05 0.000666359
-2.09054e-05 0.000620548
-1.65881e-05 0.000606873
-1.03378e-05 0.000561291
6.82628e-07 0.000539955
1.28108e-05 0.000525843
6.53738e-06 0.000523443
8.82237e-06 0.000509568
1.52398e-05 0.000480276
2.31611e-05 0.000485824
2.61827e-05 0.000443759
2.15694e-05 0.000451111
1.64592e-05 0.000433923
1.17195e-05 0.000413831
1.97621e-05 0.000411188
2.28378e-06 0.000398716
-1.22027e-05 0.000394136
-3.13241e-06 0.000387929
-4.39049e-06 0.00038637
8.53894e-06 0.000369031
5.22936e-06 0.000368283
7.01887e-06 0.000355738
2.98793e-06 0.000348154
-1.03328e-05 0.000340914
-6.31175e-06 0.000335126
2.04288e-06 0.00033171
-2.56995e-06 0.000323087
6.79092e-06 0.00032443
1.32288e-05 0.000315021
1.66926e-05 0.000307646
2.01038e-05 0.000304358
7.24294e-06 0.000290284
-5.50179e-06 0.000289528
-3.88224e-06 0.000284194
2.44665e-06 0.000280664
4.5631e-06 0.000311929
0.000571778 0.214861
0.00053811 0.199969
0.000260183 0.183888
0.000266697 0.161954
0.000268522 0.149165
0.000278386 0.141475
0.000277864 0.118908
0.00020281 0.101641
0.000192875 0.0935018
0.000188084 0.0855415
0.000203709 0.0731283
0.000182798 0.0643298
0.000212736 0.0558816
0.000213079 0.0493658
0.000211588 0.0452025
0.0001764 0.0465907
0.000179153 0.0390649
0.000163468 0.0368929
0.000177798 0.0272261
0.00017738 0.0159386
0.000173829 0.0132556
0.000166893 0.0100798
0.000168899 0.0104476
0.000161768 0.00635147
0.00016456 0.00471841
2.13194e-05 0.000918388
7.18669e-07 0.338289
-8.65979e-05 0.00535458
8.43398e-05 0.00181129
4.02433e-05 0.00165678
1.1755e-05 0.000832715
8.54865e-07 0.000746316
-4.88257e-06 0.00046867
-9.70227e-06 0.000436563
-8.61999e-06 0.000333897
-6.9187e-06 0.000261416
-1.10432e-05 0.000217796
-1.35547e-05 0.000202746
-1.03724e-05 0.00020922
-7.53522e-06 0.000189826
-6.57581e-06 0.000206446
-7.99041e-06 0.000176452
-6.83994e-06 0.000185576
-7.82642e-06 0.000162458
-9.54782e-06 0.000143678
-8.94294e-06 0.00014721
-1.0958e-05 0.000134382
-8.62434e-06 0.000134143
-8.68143e-06 0.000128422
-8.70153e-06 0.000125957
-8.16967e-06 0.000122113
-8.45855e-06 0.000119572
-7.05277e-06 0.000114645
-6.63551e-06 0.00010702
-4.91855e-06 0.000105073
-5.48184e-06 0.000100257
-5.15805e-06 9.69625e-05
-5.31567e-06 9.5122e-05
-4.24373e-06 9.2637e-05
-4.87166e-06 9.1818e-05
-5.23875e-06 8.86153e-05
-5.18569e-06 8.6699e-05
-5.07605e-06 8.27297e-05
-3.81532e-06 8.2495e-05
-5.48687e-06 8.02023e-05
-4.24526e-06 7.80236e-05
-3.96979e-06 7.7379e-05
-2.09109e-06 7.53508e-05
-2.66274e-06 7.46252e-05
-1.78549e-06 7.36979e-05
-1.57868e-06 7.28603e-05
-2.86318e-06 7.13712e-05
-2.11368e-06 7.09028e-05
-2.35213e-06 6.8994e-05
-8.0196e-08 6.83097e-05
-6.12877e-07 6.74429e-05
-1.19187e-06 6.63733e-05
-1.63667e-06 6.57106e-05
-1.63582e-06 6.47731e-05
-7.0537e-07 6.45095e-05
-8.05166e-07 6.32965e-05
-1.76742e-06 6.20371e-05
-1.67578e-06 6.14888e-05
1.28996e-07 5.9229e-05
1.13999e-06 5.91672e-05
1.42587e-06 5.82413e-05
1.33285e-06 5.76718e-05
6.26111e-07 6.24594e-05
5.45657e-06 0.0295724
-1.55038e-05 0.027879
-5.49386e-05 0.0240186
-3.55412e-05 0.0221257
-4.3809e-05 0.0215962
-4.46361e-05 0.0207542
-2.06932e-05 0.0171841
-1.47762e-05 0.0153634
-1.69551e-05 0.0146559
-2.79356e-05 0.0137878
-2.66754e-05 0.0120655
-1.89255e-05 0.010936
-2.64375e-05 0.00970642
-3.08767e-05 0.00868656
-3.04935e-05 0.00813798
-3.07884e-05 0.00858159
-2.71665e-05 0.00721194
-2.91074e-05 0.00692269
-2.44101e-05 0.00517561
-2.75482e-05 0.00311062
-2.66689e-05 0.00259092
-2.49365e-05 0.0019591
-2.16575e-05 0.00202146
-2.15524e-05 0.00119938
-2.59619e-05 0.00089516
