0.703002 0.151166
179.795 538.805
5.18542 2.71078
1.75489 1.38989
0.188546 0.286205
0.64308 0.23585
-0.160869 0.215258
0.258716 0.0704057
-0.245238 0.118189
0.137815 0.0527207
-0.217088 0.0769312
0.190656 0.0558525
-0.230499 0.0494269
0.0521535 0.0423782
-0.169704 0.033905
0.0984898 0.0323027
-0.213175 0.0342301
-0.00398515 0.0347475
-0.17097 0.0232238
-0.0446143 0.025878
-0.117587 0.021556
0.0274403 0.0214147
-0.151431 0.0202205
0.0289686 0.0182071
-0.147782 0.0151538
0.0129019 0.0150054
-0.084481 0.0127294
-0.00739971 0.0151098
-0.10265 0.0113618
-0.0016267 0.0113524
-0.0735705 0.00912638
0.00792799 0.0101992
-0.0772445 0.00892743
-0.00667787 0.00945345
-0.0397275 0.00813657
0.0162004 0.00859997
-0.0325705 0.00811737
0.0109678 0.00760652
-0.013735 0.00703572
0.0150318 0.00675702
-0.0141746 0.00683093
0.0282434 0.00841437
-3.50232 6.77466
-4.38662 10.7415
-3.38498 7.43228
-3.58786 8.89466
-3.20489 7.51505
-3.21563 7.67042
-2.96966 7.15891
-2.71014 6.21426
-2.57535 5.57351
-2.43649 5.13554
-2.02101 3.90844
-1.82232 3.13981
-1.60692 2.47713
-1.40303 1.92397
-1.16542 1.36921
-1.01166 1.00859
-0.898159 0.799505
-0.791367 0.620507
-0.753443 0.542135
-0.595076 0.328554
-0.486752 0.200716
-0.000130569 0.00375955
-0.0910073 2.61804
0.000499914 0.0514121
-8.06503e-05 0.0254416
-0.000104169 0.00965351
-6.9013e-05 0.00570824
-9.69445e-05 0.00596767
8.40825e-05 0.00303334
-7.73979e-05 0.00365534
-1.02126e-05 0.00239622
-6.95951e-05 0.00279737
6.30429e-05 0.00232411
-8.20062e-05 0.00205654
-3.1049e-05 0.00206203
-8.82019e-05 0.00171402
3.82252e-05 0.00170809
-3.00613e-05 0.00153667
9.27455e-06 0.00152022
-2.18761e-05 0.00131636
1.61805e-05 0.00136432
-3.60169e-06 0.0012099
2.11237e-05 0.00121111
-1.45094e-05 0.00114789
4.00254e-05 0.00109401
-2.18729e-05 0.000992734
3.43474e-05 0.000977872
-1.12379e-05 0.000906944
2.12437e-05 0.000918283
-3.29546e-06 0.000832779
1.28778e-05 0.000812538
-1.46824e-05 0.00074691
1.7427e-05 0.00074981
-1.05741e-05 0.000704457
3.20746e-06 0.000698733
-1.40994e-05 0.000656567
1.53078e-05 0.000644892
-6.08889e-06 0.000629741
2.35778e-06 0.000603826
-5.781e-06 0.000580866
3.34153e-06 0.000568099
-8.5841e-06 0.000565964
1.25703e-05 0.00070585
0.00103082 0.23545
0.000349948 0.274054
-4.55142e-05 0.23325
9.19577e-05 0.250073
5.69434e-05 0.221181
8.20902e-05 0.238279
0.000168491 0.227333
0.000127215 0.19457
0.000141068 0.173184
0.000130086 0.165933
0.000133716 0.13726
0.000180827 0.122336
0.000131038 0.101554
0.000175114 0.0856616
0.000172746 0.0645067
0.000136729 0.0569831
0.00013494 0.0491325
0.000138458 0.0385563
0.000130149 0.0355098
0.000132763 0.0245217
0.000197102 0.0174429
-5.39667e-05 0.000519736
2.00646e-06 0.239684
0.000167275 0.00680589
0.000246934 0.0028031
-4.8214e-05 0.00144436
-0.000102353 0.000795259
-8.81005e-05 0.000840545
-0.000112233 0.000506305
-8.07662e-05 0.000541961
-0.000103259 0.000418108
-7.53473e-05 0.000455459
-8.9949e-05 0.000386995
-4.24418e-05 0.000360881
-5.79688e-05 0.000351693
-1.26441e-05 0.00030737
-4.33916e-05 0.000302864
-1.80393e-05 0.000276591
-2.70601e-05 0.000267702
3.31854e-06 0.000247302
-1.89688e-05 0.000246059
-7.63364e-06 0.000226437
-1.87126e-05 0.0002221
-4.18281e-06 0.00021368
-2.22464e-05 0.000202851
1.67243e-06 0.000190465
-1.26073e-05 0.000184852
2.81474e-06 0.000175465
-1.51681e-06 0.000172649
1.11331e-05 0.00016215
1.89982e-06 0.000156477
6.54845e-06 0.000147107
9.60322e-07 0.000145254
9.33142e-06 0.000138817
4.30603e-06 0.000135474
2.03452e-06 0.000129413
5.2849e-06 0.000126209
8.50304e-08 0.000123429
1.7906e-06 0.000119081
-1.95448e-06 0.000114796
-3.54379e-06 0.000112617
-6.70327e-06 0.000112375
1.05066e-06 0.000139648
0.000106094 0.0383003
4.28114e-06 0.0397854
-4.55639e-05 0.0370289
-6.43758e-05 0.0369513
-9.39309e-05 0.0332373
-7.84472e-05 0.0367092
-9.26072e-05 0.0351262
-8.90256e-05 0.0298318
-7.25835e-05 0.0268529
-7.48309e-05 0.0261955
-7.24062e-05 0.0223216
-7.73586e-05 0.0206924
-5.8356e-05 0.0175357
-5.56958e-05 0.0152002
-4.35833e-05 0.0116856
-4.24538e-05 0.0107612
-3.32711e-05 0.00937301
-2.76759e-05 0.00740874
-2.64556e-05 0.00690577
-6.76768e-06 0.00487282
-1.42672e-05 0.00353128
